НомерЛуча       ПериодПовт        ЗадержкаОтрСиг         ЗадержкаНачСтр          ЗадержкаКонцСтр          КодНомераСтроки               ЗондИмп     СигмаШум       АТТПРМУ 
10001       000 1001001011 000000 100010            00   0011000010       000000 1100101101      000000   10000000000000000001   0000   01100100    0010100    0   00010   000 0000 000 0
11001       000 0001001011 000000 100010            00   0011000010       000000 1000101101      000000   01000000000000000001   0000   01000100    0010100    0   00010   000 0000 000 0
00001       000 1001001011 000000 000010            00   0011000010       000000 1100101101      000000   10000000000000000001   0000   00010100    0010100    0   00010   000 0000 000 0
10001       000 0001001011 000000 100010            00   0011000010       000000 1100101101      000000   00000000000000000001   0000   11000100    0010100    0   00010   000 0000 000 0
10001       000 1101001011 000000 100010            00   1011000010       000000 0100101101      000000   10000000000000000001   0000   01000100    0010100    0   00010   000 0000 000 0
10001       000 1001001011 000000 100010            00   1111000010       000000 1100101101      000000   01100000000000000001   0000   01000100    0010100    0   00010   000 0000 000 0
11001       000 1001001011 000000 100010            00   1111000010       000000 1100101101      000000   10000000000000000001   0000   01100100    0010100    0   00010   000 0000 000 0
10001       000 1001001011 000000 100010            00   1111000010       000000 1100101101      000000   01000000000000000001   0000   01000100    0010100    0   00010   000 0000 000 0
10101       000 1001001011 000000 100010            00   1111000010       000000 1100101101      000000   10000000000000000001   0000   01000100    0010100    0   00010   000 0000 000 0
10001       000 1001001011 000000 100010            00   1111000010       000000 1100101101      000000   10000000000000000001   0000   01100100    0010100    0   00010   000 0000 000 0